100	소요산	1	101	2.5	
101	동두천	2	102	1.6	100	2.5	
102	보산	2	103	1.4	101	1.6	
103	동두천중앙	2	104	1	102	1.4	
104	지행	2	105	5.6	103	1	
105	덕정	2	106	2.9	104	5.6	
106	덕계	2	107	5.3	105	2.9	
107	양주	2	108	1.6	106	5.3	
108	녹양	2	109	1.3	107	1.6	
109	가능	2	110	1.2	108	1.3	
110	의정부	2	111	1.6	109	1.2	
111	회룡	2	112	1.4	110	1.6	
112	망월사	2	113	2.3	111	1.4	
113	도봉산	3	114	1.2	112	2.3	710	0	
114	도봉	2	115	1.3	113	1.2	
115	방학	2	116	1.7	114	1.3	
116	창동	3	117	1	115	1.7	412	0	
117	녹천	2	118	1.4	116	1	
118	월계	2	119	1.1	117	1.4	
119	광운대	2	120	1.1	118	1.1	
120	석계	3	121	1.4	119	1.1	644	0	
121	신이문	2	122	0.8	120	1.4	
122	외대앞	2	123	0.8	121	0.8	
123	회기	2	124	1.4	122	0.8	
124	청량리	2	125	1	123	1.4	
125	제기동	2	126	0.9	124	1	
126	신설동	3	127	0.7	125	0.9	24	0	
127	동묘앞	3	128	0.6	126	0.7	636	0	
128	동대문	3	129	0.8	127	0.6	421	0	
129	종로5가	2	130	0.9	128	0.8	
130	종로3가	4	131	0.8	129	0.9	329	0	534	0	
131	종각	2	132	1	130	0.8	
132	시청	3	133	1.1	131	1	201	0	
133	서울역	3	134	1.7	132	1.1	426	0	
134	남영	2	135	1.5	133	1.7	
135	용산	2	136	2.6	134	1.5	
136	노량진	3	137	1.5	135	2.6	917	0	
137	대방	2	138	0.8	136	1.5	
138	신길	3	139	1	137	0.8	525	0	
139	영등포	2	140	1.5	138	1	
140	신도림	3	141	1.1	139	1.5	234	0	
141	구로	3	42	2.4	140	1.1	142	1.4	
142	구일	2	143	1	141	1.4	
143	개봉	2	144	1.3	142	1	
144	오류동	2	145	1.9	143	1.3	
145	온수	3	146	1.3	144	1.9	750	0	
146	역곡	2	147	1.5	145	1.3	
147	소사	2	148	1.1	146	1.5	
148	부천	2	149	1.7	147	1.1	
149	중동	2	150	1	148	1.7	
150	송내	2	151	1.2	149	1	
151	부개	2	152	1.5	150	1.2	
152	부평	2	153	1.7	151	1.5	
153	백운	2	154	1.5	152	1.7	
154	동암	2	155	1.2	153	1.5	
155	간석	2	156	1.2	154	1.2	
156	주안	2	157	1	155	1.2	
157	도화	2	158	1	156	1	
158	제물포	2	159	1.4	157	1	
159	도원	2	160	1.2	158	1.4	
160	동인천	2	161	1.9	159	1.2	
161	인천	1	160	1.9	
42	가산디지털단지	3	43	2	141	2.4	746	0	
43	독산	2	44	1.2	42	2	
44	금천구청	3	10	2.3	43	1.2	10	4.7	
10	광명	1	45	4.7	
45	석수	2	46	1.9	44	2.3	
46	관악	2	47	2.4	45	1.9	
47	안양	2	48	2.2	46	2.4	
48	명학	2	49	1.4	47	2.2	
49	금정	3	50	2.2	48	1.4	443	0	
50	군포	2	51	1.6	49	2.2	
51	당정	2	52	2.6	50	1.6	
52	의왕	2	53	2.9	51	2.6	
53	성균관대	2	54	2.6	52	2.9	
54	화서	2	55	2.1	53	2.6	
55	수원	2	56	2.9	54	2.1	
56	세류	2	57	4.3	55	2.9	
57	병점	3	58	2.4	56	4.3	11	2.2	
11	서동탄	1	157	2.2	
58	세마	2	59	2.7	57	2.4	
59	오산대	2	60	2.7	58	2.7	
60	오산	2	61	4	59	2.7	
61	진위	2	62	3.8	60	4	
62	송탄	2	63	2.2	61	3.8	
63	서정리	2	64	4.8	62	2.2	
64	지제	2	65	3.7	63	4.8	
65	평택	2	66	9.4	64	3.7	
66	성환	2	67	5.4	65	9.4	
67	직산	2	68	3.8	66	5.4	
68	두정	2	69	3	67	3.8	
69	천안	2	70	1.5	68	3	
70	봉명	2	71	1.5	69	1.5	
71	쌍용	2	72	1.5	70	1.5	
72	아산	2	74	4.9	71	1.5	
74	배방	2	76	4.9	72	4.9	
76	온양온천	2	77	5.1	74	4.9	
77	신창	1	76	5.1	
201	시청	3	202	0.7	132	0	243	1.1	
202	을지로입구	2	203	0.8	201	0.7	
203	을지로3가	3	204	0.6	202	0.8	330	0	
204	을지로4가	3	205	1	203	0.6	535	0	
205	동대문역사문화공원	4	206	0.9	204	1	422	0	536	0	
206	신당	3	207	0.9	205	0.9	635	0	
207	상왕십리	2	208	0.8	206	0.9	
208	왕십리	3	209	1	207	0.8	540	0	
209	한양대	2	210	1.1	208	1	
210	뚝섬	2	211	0.8	209	1.1	
211	성수	3	212	1.2	210	0.8	21	2.3	
212	건대입구	3	213	1.6	211	1.2	727	0	
213	구의	2	214	0.9	212	1.6	
214	강변	2	215	1.8	213	0.9	
215	잠실나루	2	216	1	214	1.8	
216	잠실	3	217	1.2	215	1	814	0	
217	신천	2	218	1.2	216	1.2	
218	종합운동장	3	219	1	217	1.2	930	0	
219	삼성	2	220	1.3	218	1	
220	선릉	2	221	1.2	219	1.3	
221	역삼	2	222	0.8	220	1.2	
222	강남	2	223	1.2	221	0.8	
223	교대	3	224	0.7	222	1.2	340	0	
224	서초	2	225	1.7	223	0.7	
225	방배	2	226	1.6	224	1.7	
226	사당	3	227	1.7	225	1.6	433	0	
227	낙성대	2	228	1	226	1.7	
228	서울대입구	2	229	1	227	1	
229	봉천	2	230	1.1	228	1	
230	신림	2	231	1.8	229	1.1	
231	신대방	2	232	1.1	230	1.8	
232	구로디지털단지	2	233	1.1	231	1.1	
233	대림	3	234	1.8	232	1.1	744	0	
234	신도림	4	235	1.2	233	1.8	140	0	31	1	
235	문래	2	236	0.9	234	1.2	
236	영등포구청	3	237	1.1	235	0.9	523	0	
237	당산	3	238	2	236	1.1	913	0	
238	합정	3	239	1.1	237	2	622	0	
239	홍대입구	2	240	1.3	238	1.1	
240	신촌	2	241	0.8	239	1.3	
241	이대	2	242	0.9	240	0.8	
242	아현	2	243	0.8	241	0.9	
243	충정로	3	201	1.1	242	0.8	531	0	
21	용답	2	22	1	211	2.3	
22	신답	2	23	0.9	21	1	
23	용두	2	24	1.2	22	0.9	
24	신설동	2	23	1.2	126	0	
31	도림천	2	32	1.7	234	1	
32	양천구청	2	33	1.9	31	1.7	
33	신정네거리	2	34	1.4	32	1.9	
34	까치산	2	33	1.4	518	0	
309	대화	1	310	1.4	
310	주엽	2	311	1.6	309	1.4	
311	정발산	2	312	0.9	310	1.6	
312	마두	2	313	1.4	311	0.9	
313	백석	2	314	2.5	312	1.4	
314	대곡	2	315	2.1	313	2.5	
315	화정	2	316	2.6	314	2.1	
316	원당	2	317	2.9	315	2.6	
317	원흥	2	318	2.1	316	2.9	
318	삼송	2	319	1.7	317	2.1	
319	지축	2	320	1.5	318	1.7	
320	구파발	2	321	2	319	1.5	
321	연신내	3	322	1.3	320	2	614	0	
322	불광	3	323	1.1	321	1.3	612	0	
323	녹번	2	324	1.6	322	1.1	
324	홍제	2	325	0.9	323	1.6	
325	무악재	2	326	1.1	324	0.9	
326	독립문	2	327	1.6	325	1.1	
327	경복궁	2	328	1.1	326	1.6	
328	안국	2	329	1	327	1.1	
329	종로3가	4	330	0.6	328	1	130	0	534	0	
330	을지로3가	3	331	0.7	329	0.6	203	0	
331	충무로	3	332	0.9	330	0.7	423	0	
332	동대입구	2	333	0.7	331	0.9	
333	약수	3	334	0.8	332	0.7	633	0	
334	금호	2	335	0.8	333	0.8	
335	옥수	2	336	2.1	334	0.8	
336	압구정	2	337	1.5	335	2.1	
337	신사	2	338	0.9	336	1.5	
338	잠원	2	339	1.2	337	0.9	
339	고속터미널	4	340	1.6	338	1.2	734	0	923	0	
340	교대	3	341	0.9	339	1.6	223	0	
341	남부터미널	2	342	1.8	340	0.9	
342	양재	2	343	1.2	341	1.8	
343	매봉	2	344	0.8	342	1.2	
344	도곡	2	345	0.8	343	0.8	
345	대치	2	346	0.8	344	0.8	
346	학여울	2	347	0.9	345	0.8	
347	대청	2	348	1.2	346	0.9	
348	일원	2	349	1.8	347	1.2	
349	수서	2	350	1.4	348	1.8	
350	가락시장	3	351	0.8	349	1.4	817	0	
351	경찰병원	2	352	0.8	350	0.8	
352	오금	2	351	0.8	852	0	
409	당고개	1	410	1.2	
410	상계	2	411	1	409	1.2	
411	노원	3	412	1.4	410	1	713	0	
412	창동	3	413	1.3	411	1.4	116	0	
413	쌍문	2	414	1.5	412	1.3	
414	수유	2	415	1.4	413	1.5	
415	미아	2	416	1.5	414	1.4	
416	미아사거리	2	417	1.3	415	1.5	
417	길음	2	418	1.4	416	1.3	
418	성신여대입구	2	419	1	417	1.4	
419	한성대입구	2	420	0.9	418	1	
420	혜화	2	421	1.5	419	0.9	
421	동대문	3	422	0.7	420	1.5	128	0	
422	동대문역사문화공원	4	423	1.3	421	0.7	205	0	536	0	
423	충무로	3	424	0.7	422	1.3	331	0	
424	명동	2	425	0.7	423	0.7	
425	회현	2	426	0.9	424	0.7	
426	서울역	3	427	1	425	0.9	133	0	
427	숙대입구	2	428	1.2	426	1	
428	삼각지	3	429	0.7	427	1.2	628	0	
429	신용산	2	430	1.3	428	0.7	
430	이촌	2	431	2.7	429	1.3	
431	동작	3	432	1.8	430	2.7	920	0	
432	총신대입구	3	433	1.1	431	1.8	736	0	
433	사당	3	434	1.6	432	1.1	226	0	
434	남태령	2	435	2	433	1.6	
435	선바위	2	436	1	434	2	
436	경마공원	2	437	0.9	435	1	
437	대공원	2	438	1	436	0.9	
438	과천	2	439	1	437	1	
439	정부과천청사	2	440	3	438	1	
440	인덕원	2	441	1.6	439	3	
441	평촌	2	442	1.3	440	1.6	
442	범계	2	443	2.6	441	1.3	
443	금정	3	444	2.3	442	2.6	49	0	
444	산본	2	445	1.1	443	2.3	
445	수리산	2	446	2.6	444	1.1	
446	대야미	2	447	2	445	2.6	
447	반월	2	448	3.7	446	2	
448	상록수	2	449	1.5	447	3.7	
449	한대앞	2	450	1.6	448	1.5	
450	중앙	2	451	1.4	449	1.6	
451	고잔	2	452	1.5	450	1.4	
452	초지	2	453	1.8	451	1.5	
453	안산	2	454	2.2	452	1.8	
454	신길온천	2	455	2.9	453	2.2	
455	정왕	2	456	1.4	454	2.9	
456	오이도	1	455	1.4	
510	방화	1	511	0.9	
511	개화산	2	512	1.2	510	0.9	
512	김포공항	3	513	1.2	511	1.2	902	0	
513	송정	2	514	1.1	512	1.2	
514	마곡	2	515	1.2	513	1.1	
515	발산	2	516	1.1	514	1.2	
516	우장산	2	517	1	515	1.1	
517	화곡	2	518	1.2	516	1	
518	까치산	3	519	1.3	517	1.2	34	0	
519	신정	2	520	0.8	518	1.3	
520	목동	2	521	0.9	519	0.8	
521	오목교	2	522	1.1	520	0.9	
522	양평	2	523	0.8	521	1.1	
523	영등포구청	3	524	0.9	522	0.8	236	0	
524	영등포시장	2	525	1.1	523	0.9	
525	신길	3	526	1	524	1.1	138	0	
526	여의도	3	527	1	525	1	915	0	
527	여의나루	2	528	1.8	526	1	
528	마포	2	529	0.8	527	1.8	
529	공덕	3	530	1.1	528	0.8	626	0	
530	애오개	2	531	0.9	529	1.1	
531	충정로	3	532	0.7	530	0.9	243	0	
532	서대문	2	533	1.1	531	0.7	
533	광화문	2	534	1.2	532	1.1	
534	종로3가	4	535	1	533	1.2	130	0	329	0	
535	을지로4가	3	536	0.9	534	1	204	0	
536	동대문역사문화공원	4	537	0.9	535	0.9	205	0	422	0	
537	청구	3	538	0.9	536	0.9	634	0	
538	신금호	2	539	0.8	537	0.9	
539	행당	2	540	0.9	538	0.8	
540	왕십리	3	541	0.7	539	0.9	208	0	
541	마장	2	542	1	540	0.7	
542	답십리	2	543	1.2	541	1	
543	장한평	2	544	1.5	542	1.2	
544	군자	3	545	1	543	1.5	725	0	
545	아차산	2	546	1.5	544	1	
546	광나루	2	547	2	545	1.5	
547	천호	3	548	0.8	546	2	811	0	
548	강동	3	549	0.9	547	0.8	849	1.2	
549	길동	2	550	0.8	548	0.9	
550	굽은다리	2	551	0.7	549	0.8	
551	명일	2	552	1.2	550	0.7	
552	고덕	2	553	1.1	551	1.2	
553	상일동	1	552	1.1	
849	둔촌동	2	850	1.4	548	1.2	
850	올림픽공원	2	851	0.9	849	1.4	
851	방이	2	852	0.9	850	0.9	
852	오금	3	853	0.9	851	0.9	352	0	
853	개롱	2	854	0.9	852	0.9	
854	거여	2	855	0.9	853	0.9	
855	마천	1	854	0.9	
610	응암	1	611	1.1	
611	역촌	1	612	0.8	
612	불광	2	613	0.9	322	0	
613	독바위	1	614	1.4	
614	연신내	2	615	0.9	321	0	
615	구산	1	610	1.5	
616	새절	2	617	0.9	610	0.9	
617	증산	2	618	1.1	616	0.9	
618	디지털미디어시티	2	619	0.8	617	1.1	
619	월드컵경기장	2	620	0.8	618	0.8	
620	마포구청	2	621	1	619	0.8	
621	망원	2	622	0.8	620	1	
622	합정	3	623	0.8	621	0.8	238	0	
623	상수	2	624	0.9	622	0.8	
624	광흥창	2	625	1	623	0.9	
625	대흥	2	626	0.9	624	1	
626	공덕	3	627	0.9	625	0.9	529	0	
627	효창공원앞	2	628	1.2	626	0.9	
628	삼각지	3	629	1.1	627	1.2	428	0	
629	녹사평	2	630	0.8	628	1.1	
630	이태원	2	631	1	629	0.8	
631	한강진	2	632	1	630	1	
632	버티고개	2	633	0.7	631	1	
633	약수	3	634	0.8	632	0.7	333	0	
634	청구	3	635	0.7	633	0.8	537	0	
635	신당	3	636	0.6	634	0.7	206	0	
636	동묘앞	3	637	0.9	635	0.6	127	0	
637	창신	2	638	0.8	636	0.9	
638	보문	2	639	0.9	637	0.8	
639	안암	2	640	0.8	638	0.9	
640	고려대	2	641	1.4	639	0.8	
641	월곡	2	642	0.8	640	1.4	
642	상월곡	2	643	0.8	641	0.8	
643	돌곶이	2	644	1	642	0.8	
644	석계	3	645	0.8	643	1	120	0	
645	태릉입구	3	646	0.9	644	0.8	717	0	
646	화랑대	2	647	0.7	645	0.9	
647	봉화산	1	646	0.7	
709	장암	1	710	1.4	
710	도봉산	3	711	1.6	709	1.4	113	0	
711	수락산	2	712	1.4	710	1.6	
712	마들	2	713	1.2	711	1.4	
713	노원	3	714	1.1	712	1.2	411	0	
714	중계	2	715	1	713	1.1	
715	하계	2	716	1.3	714	1	
716	공릉	2	717	0.8	715	1.3	
717	태릉입구	3	718	0.9	716	0.8	645	0	
718	먹골	2	719	0.9	717	0.9	
719	중화	2	720	1	718	0.9	
720	상봉	2	721	0.8	719	1	
721	면목	2	722	0.9	720	0.8	
722	사가정	2	723	0.8	721	0.9	
723	용마산	2	724	0.9	722	0.8	
724	중곡	2	725	1.1	723	0.9	
725	군자	3	726	1.1	724	1.1	544	0	
726	어린이대공원	2	727	0.8	725	1.1	
727	건대입구	3	728	1	726	0.8	212	0	
728	뚝섬유원지	2	729	2	727	1	
729	청담	2	730	1.1	728	2	
730	강남구청	2	731	0.9	729	1.1	
731	학동	2	732	1	730	0.9	
732	논현	2	733	0.9	731	1	
733	반포	2	734	0.9	732	0.9	
734	고속터미널	4	735	2.2	733	0.9	339	0	923	0	
735	내방	2	736	1	734	2.2	
736	이수	3	737	1	735	1	432	0	
737	남성	2	738	2	736	1	
738	숭실대입구	2	739	0.9	737	2	
739	상도	2	740	0.9	738	0.9	
740	장승배기	2	741	1.2	739	0.9	
741	신대방삼거리	2	742	0.8	740	1.2	
742	보라매	2	743	0.9	741	0.8	
743	신풍	2	744	1.4	742	0.9	
744	대림	3	745	1.1	743	1.4	233	0	
745	남구로	2	746	0.8	744	1.1	
746	가산디지털단지	3	747	1.4	745	0.8	42	0	
747	철산	2	748	1.3	746	1.4	
748	광명사거리	2	749	1.7	747	1.3	
749	천왕	2	750	1.5	748	1.7	
750	온수	3	751	2.2	749	1.5	145	0	
751	까치울	2	752	1.2	750	2.2	
752	부천종합운동장	2	753	0.9	751	1.2	
753	춘의	2	754	1	752	0.9	
754	신중동	2	755	1.1	753	1	
755	부천시청	2	756	0.9	754	1.1	
756	상동	2	757	1.1	755	0.9	
757	삼산체육관	2	758	0.9	756	1.1	
758	굴포천	2	759	0.9	757	0.9	
759	부평구청	1	758	0.9	
810	암사	1	811	1.3	
811	천호	3	812	0.9	810	1.3	547	0	
812	강동구청	2	813	1.6	811	0.9	
813	몽촌토성	2	814	0.8	812	1.6	
814	잠실	3	815	1.2	813	0.8	216	0	
815	석촌	2	816	0.9	814	1.2	
816	송파	2	817	0.8	815	0.9	
817	가락시장	3	818	0.9	816	0.8	350	0	
818	문정	2	819	0.9	817	0.9	
819	장지	2	820	0.9	818	0.9	
820	복정	2	821	2.7	819	0.9	
821	산성	2	822	1.3	820	2.7	
822	남한산성입구	2	823	0.8	821	1.3	
823	단대오거리	2	824	0.8	822	0.8	
824	신흥	2	825	0.9	823	0.8	
825	수진	2	826	1	824	0.9	
826	모란	1	825	1	
901	개화	1	902	3.6	
902	김포공항	3	903	0.8	901	3.6	512	0	
903	공항시장	2	904	0.8	902	0.8	
904	신방화	2	905	0.9	903	0.8	
905	마곡나루	2	906	1.4	904	0.9	
906	양천향교	2	907	1.3	905	1.4	
907	가양	2	908	0.7	906	1.3	
908	증미	2	909	1	907	0.7	
909	등촌	2	910	0.9	908	1	
910	염창	2	911	0.9	909	0.9	
911	신목동	2	912	1.2	910	0.9	
912	선유도	2	913	1	911	1.2	
913	당산	3	914	1.5	912	1	237	0	
914	국회의사당	2	915	0.9	913	1.5	
915	여의도	3	916	0.8	914	0.9	526	0	
916	샛강	2	917	1.2	915	0.8	
917	노량진	3	918	1.1	916	1.2	136	0	
918	노들	2	919	1.1	917	1.1	
919	흑석	2	920	1.4	918	1.1	
920	동작	3	921	1	919	1.4	431	0	
921	구반포	2	922	0.7	920	1	
922	신반포	2	923	0.8	921	0.7	
923	고속터미널	4	924	1.1	922	0.8	339	0	734	0	
924	사평	2	925	0.9	923	1.1	
925	신논현	2	926	0.8	924	0.9	
926	언주	2	927	0.9	925	0.8	
927	선정릉	2	928	0.8	926	0.9	
928	삼성중앙	2	929	0.8	927	0.8	
929	봉은사	2	930	1.4	928	0.8	
930	종합운동장	2	929	1.4	218	0