201	시청	3	202	0.7	132	0	243	1.1	
202	을지로입구(IBK기업은행)	2	203	0.8	201	0.7	
203	을지로3가	3	204	0.6	202	0.8	330	0	
204	을지로4가	3	205	1	203	0.6	535	0	
205	동대문역사문화공원	4	206	0.9	204	1	422	0	536	0	
206	신당	3	207	0.9	205	0.9	635	0	
207	상왕십리	2	208	0.8	206	0.9	
208	왕십리(성동구청)	5	209	1	207	0.8	540	0	K116	0.0	K210	0.0
209	한양대	2	210	1.1	208	1	
210	뚝섬	2	211	0.8	209	1.1	
211	성수	3	212	1.2	210	0.8	211-1	2.3	
212	건대입구	3	213	1.6	211	1.2	727	0	
213	구의(광진구청)	2	214	0.9	212	1.6	
214	강변(동서울터미널)	2	215	1.8	213	0.9	
215	잠실나루	2	216	1	214	1.8	
216	잠실(송파구청)	3	217	1.2	215	1	814	0	
217	잠실새내	2	218	1.2	216	1.2	
218	종합운동장	3	219	1	217	1.2	930	0	
219	삼성(무역센터)	2	220	1.3	218	1	
220	선릉	3	221	1.2	219	1.3	K215	0.0	
221	역삼	2	222	0.8	220	1.2	
222	강남	3	223	1.2	221	0.8	D07	0.0	
223	교대(법원·검찰청)	3	224	0.7	222	1.2	340	0	
224	서초	2	225	1.7	223	0.7	
225	방배(백석예술대)	2	226	1.6	224	1.7	
226	사당(대항병원)	3	227	1.7	225	1.6	433	0	
227	낙성대	2	228	1	226	1.7	
228	서울대입구(관악구청)	2	229	1	227	1	
229	봉천	2	230	1.1	228	1	
230	신림(양지병원)	2	231	1.8	229	1.1	
231	신대방	2	232	1.1	230	1.8	
232	구로디지털단지(원광디지털대)	2	233	1.1	231	1.1	
233	대림(구로구청)	3	234	1.8	232	1.1	744	0	
234	신도림	4	235	1.2	233	1.8	140	0	234-1	1	
235	문래	2	236	0.9	234	1.2	
236	영등포구청	3	237	1.1	235	0.9	523	0	
237	당산	3	238	2	236	1.1	913	0	
238	합정(홀트아동복지회)	3	239	1.1	237	2	622	0	
239	홍대입구	4	240	1.3	238	1.1	A03	0.0	K314	0.0	
240	신촌	2	241	0.8	239	1.3	
241	이대	2	242	0.9	240	0.8	
242	아현(추계예술대)	2	243	0.8	241	0.9	
243	충정로(경기대입구)	3	201	1.1	242	0.8	531	0	
211-1	용답	2	211-2	1	211	2.3	
211-2	신답	2	211-3	0.9	211-1	1	
211-3	용두(동대문구청)	2	211-4	1.2	211-2	0.9	
211-4	신설동	3	211-3	1.2	126	0	S122	0.0	
234-1	도림천	2	234-2	1.7	234	1	
234-2	양천구청	2	234-3	1.9	234-1	1.7	
234-3	신정네거리	2	234-4	1.4	234-2	1.9	
234-4	까치산	2	234-3	1.4	518	0	 