309	대화	1	310	1.4	
310	주엽	2	311	1.6	309	1.4	
311	정발산	2	312	0.9	310	1.6	
312	마두	2	313	1.4	311	0.9	
313	백석	2	314	2.5	312	1.4	
314	대곡	3	315	2.1	313	2.5	K322	0.0	
315	화정	2	316	2.6	314	2.1	
316	원당	2	317	2.9	315	2.6	
317	원흥	2	318	2.1	316	2.9	
318	삼송	2	319	1.7	317	2.1	
319	지축	2	320	1.5	318	1.7	
320	구파발	2	321	2	319	1.5	
321	연신내	3	322	1.3	320	2	614	0	
322	불광	3	323	1.1	321	1.3	612	0	
323	녹번	2	324	1.6	322	1.1	
324	홍제	2	325	0.9	323	1.6	
325	무악재	2	326	1.1	324	0.9	
326	독립문	2	327	1.6	325	1.1	
327	경복궁(정부서울청사)	2	328	1.1	326	1.6	
328	안국	2	329	1	327	1.1	
329	종로3가	4	330	0.6	328	1	130	0	534	0	
330	을지로3가	3	331	0.7	329	0.6	203	0	
331	충무로	3	332	0.9	330	0.7	423	0	
332	동대입구	2	333	0.7	331	0.9	
333	약수	3	334	0.8	332	0.7	633	0	
334	금호	2	335	0.8	333	0.8	
335	옥수	3	336	2.1	334	0.8	K114	0.0	
336	압구정	2	337	1.5	335	2.1	
337	신사	2	338	0.9	336	1.5	
338	잠원	2	339	1.2	337	0.9	
339	고속터미널	4	340	1.6	338	1.2	734	0	923	0	
340	교대(법원·검찰청)	3	341	0.9	339	1.6	223	0	
341	남부터미널(예술의전당)	2	342	1.8	340	0.9	
342	양재(서초구청)	3		343	1.2	341	1.8	D08	0.0	
343	매봉	2	344	0.8	342	1.2	
344	도곡	3	345	0.8	343	0.8	K217	0.0	
345	대치	2	346	0.8	344	0.8	
346	학여울	2	347	0.9	345	0.8	
347	대청	2	348	1.2	346	0.9	
348	일원	2	349	1.8	347	1.2	
349	수서	3	350	1.4	348	1.8	K221
350	가락시장	3	351	0.8	349	1.4	817	0	
351	경찰병원	2	352	0.8	350	0.8	
352	오금	2	351	0.8	P552	0	