510	방화	1	511	0.9	
511	개화산	2	512	1.2	510	0.9	
512	김포공항	4	513	1.2	511	1.2	902	0	A05	0.0	
513	송정	2	514	1.1	512	1.2	
514	마곡(홈앤쇼핑)	2	515	1.2	513	1.1	
515	발산	2	516	1.1	514	1.2	
516	우장산	2	517	1	515	1.1	
517	화곡	2	518	1.2	516	1	
518	까치산	3	519	1.3	517	1.2	234-4	0	
519	신정(은행정)	2	520	0.8	518	1.3	
520	목동	2	521	0.9	519	0.8	
521	오목교(목동운동장앞)	2	522	1.1	520	0.9	
522	양평	2	523	0.8	521	1.1	
523	영등포구청	3	524	0.9	522	0.8	236	0	
524	영등포시장(한림대 한강성심병원)	2	525	1.1	523	0.9	
525	신길	3	526	1	524	1.1	138	0	
526	여의도	3	527	1	525	1	915	0	
527	여의나루	2	528	1.8	526	1	
528	마포	2	529	0.8	527	1.8	
529	공덕	5	530	1.1	528	0.8	626	0	K312	0.0	A02	0.0	
530	애오개	2	531	0.9	529	1.1	
531	충정로(경기대입구)	3	532	0.7	530	0.9	243	0	
532	서대문(강북삼성병원)	2	533	1.1	531	0.7	
533	광화문(세종문화회관)	2	534	1.2	532	1.1	
534	종로3가(탑골공원)	4	535	1	533	1.2	130	0	329	0	
535	을지로4가	3	536	0.9	534	1	204	0	
536	동대문역사문화공원	4	537	0.9	535	0.9	205	0	422	0	
537	청구	3	538	0.9	536	0.9	634	0	
538	신금호	2	539	0.8	537	0.9	
539	행당	2	540	0.9	538	0.8	
540	왕십리(성동구청)	5	541	0.7	539	0.9	208	0	K116	0.0	K210	0.0	
541	마장	2	542	1	540	0.7	
542	답십리	2	543	1.2	541	1	
543	장한평	2	544	1.5	542	1.2	
544	군자(능동)	3	545	1	543	1.5	725	0	
545	아차산(어린이대공원후문)	2	546	1.5	544	1	
546	광나루(장신대)	2	547	2	545	1.5	
547	천호(풍납토성)	3	548	0.8	546	2	811	0	
548	강동(강동성심병원)	3	549	0.9	547	0.8	P549	1.2	
549	길동	2	550	0.8	548	0.9	
550	굽은다리(강동구민회관앞)	2	551	0.7	549	0.8	
551	명일	2	552	1.2	550	0.7	
552	고덕(강동경희대병원)	2	553	1.1	551	1.2	
553	상일동	1	552	1.1	
P549	둔촌동	2	P550	1.4	548	1.2	
P550	올림픽공원(한국체대)	2	P551	0.9	P549	1.4	
P551	방이	2	P552	0.9	P550	0.9	
P552	오금	3	P553	0.9	P551	0.9	352	0	
P553	개롱	2	P554	0.9	P552	0.9	
P554	거여	2	P555	0.9	P553	0.9	
P555	마천	1	P554	0.9	