610	응암	1	611	1.1	
611	역촌	1	612	0.8	
612	불광	2	613	0.9	322	0	
613	독바위	1	614	1.4	
614	연신내	2	615	0.9	321	0	
615	구산	1	610	1.5	
616	새절(신사)	2	617	0.9	610	0.9	
617	증산(명지대앞)	2	618	1.1	616	0.9	
618	디지털미디어시티	4	619	0.8	617	1.1	K316	A04	
619	월드컵경기장(성산)	2	620	0.8	618	0.8	
620	마포구청	2	621	1	619	0.8	
621	망원	2	622	0.8	620	1	
622	합정(홀트아동복지회)	3	623	0.8	621	0.8	238	0	
623	상수	2	624	0.9	622	0.8	
624	광흥창(서강)	2	625	1	623	0.9	
625	대흥(서강대앞)	2	626	0.9	624	1	
626	공덕	5	627	0.9	625	0.9	529	0	K312	0.0	A02	0.0	
627	효창공원앞	3	628	1.2	626	0.9	K311	0.0	
628	삼각지	3	629	1.1	627	1.2	428	0	
629	녹사평(용산구청)	2	630	0.8	628	1.1	
630	이태원	2	631	1	629	0.8	
631	한강진	2	632	1	630	1	
632	버티고개	2	633	0.7	631	1	
633	약수	3	634	0.8	632	0.7	333	0	
634	청구	3	635	0.7	633	0.8	537	0	
635	신당	3	636	0.6	634	0.7	206	0	
636	동묘앞	3	637	0.9	635	0.6	127	0	
637	창신	2	638	0.8	636	0.9	
638	보문	3	639	0.9	637	0.8	S121	0.0	
639	안암(고대병원앞)	2	640	0.8	638	0.9	
640	고려대(종암)	2	641	1.4	639	0.8	
641	월곡(동덕여대)	2	642	0.8	640	1.4	
642	상월곡(한국과학기술연구원)	2	643	0.8	641	0.8	
643	돌곶이	2	644	1	642	0.8	
644	석계	3	645	0.8	643	1	120	0	
645	태릉입구	3	646	0.9	644	0.8	717	0	
646	화랑대(서울여대입구)	2	647	0.7	645	0.9	
647	봉화산(서울의료원)	1	646	0.7	