901	개화	1	902	3.6	
902	김포공항	4	903	0.8	901	3.6	512	0	A05	0.0	
903	공항시장	2	904	0.8	902	0.8	
904	신방화	2	905	0.9	903	0.8	
905	마곡나루	2	906	1.4	904	0.9	
906	양천향교	2	907	1.3	905	1.4	
907	가양	2	908	0.7	906	1.3	
908	증미	2	909	1	907	0.7	
909	등촌	2	910	0.9	908	1	
910	염창	2	911	0.9	909	0.9	
911	신목동	2	912	1.2	910	0.9	
912	선유도	2	913	1	911	1.2	
913	당산	3	914	1.5	912	1	237	0	
914	국회의사당	2	915	0.9	913	1.5	
915	여의도	3	916	0.8	914	0.9	526	0	
916	샛강	2	917	1.2	915	0.8	
917	노량진	3	918	1.1	916	1.2	136	0	
918	노들	2	919	1.1	917	1.1	
919	흑석(중앙대입구)	2	920	1.4	918	1.1	
920	동작(현충원)	3	921	1	919	1.4	431	0	
921	구반포	2	922	0.7	920	1	
922	신반포	2	923	0.8	921	0.7	
923	고속터미널	4	924	1.1	922	0.8	339	0	734	0	
924	사평	2	925	0.9	923	1.1	
925	신논현(르메르디앙호텔)	2	926	0.8	924	0.9	
926	언주(강남차병원)	2	927	0.9	925	0.8	
927	선정릉	3	928	0.8	926	0.9	K214	0.0	
928	삼성중앙	2	929	0.8	927	0.8	
929	봉은사	2	930	1.4	928	0.8	
930	종합운동장	2	929	1.4	218	0