709	장암	1	710	1.4	
710	도봉산	3	711	1.6	709	1.4	113	0	
711	수락산	2	712	1.4	710	1.6	
712	마들	2	713	1.2	711	1.4	
713	노원	3	714	1.1	712	1.2	411	0	
714	중계	2	715	1	713	1.1	
715	하계	2	716	1.3	714	1	
716	공릉	2	717	0.8	715	1.3	
717	태릉입구	3	718	0.9	716	0.8	645	0	
718	먹골	2	719	0.9	717	0.9	
719	중화	2	720	1	718	0.9	
720	상봉	2	721	0.8	719	1	
721	면목	2	722	0.9	720	0.8	
722	사가정	2	723	0.8	721	0.9	
723	용마산	2	724	0.9	722	0.8	
724	중곡	2	725	1.1	723	0.9	
725	군자	3	726	1.1	724	1.1	544	0	
726	어린이대공원	2	727	0.8	725	1.1	
727	건대입구	3	728	1	726	0.8	212	0	
728	뚝섬유원지	2	729	2	727	1	
729	청담	2	730	1.1	728	2	
730	강남구청	2	731	0.9	729	1.1	
731	학동	2	732	1	730	0.9	
732	논현	2	733	0.9	731	1	
733	반포	2	734	0.9	732	0.9	
734	고속터미널	4	735	2.2	733	0.9	339	0	923	0	
735	내방	2	736	1	734	2.2	
736	이수	3	737	1	735	1	432	0	
737	남성	2	738	2	736	1	
738	숭실대입구	2	739	0.9	737	2	
739	상도	2	740	0.9	738	0.9	
740	장승배기	2	741	1.2	739	0.9	
741	신대방삼거리	2	742	0.8	740	1.2	
742	보라매	2	743	0.9	741	0.8	
743	신풍	2	744	1.4	742	0.9	
744	대림	3	745	1.1	743	1.4	233	0	
745	남구로	2	746	0.8	744	1.1	
746	가산디지털단지	3	747	1.4	745	0.8	42	0	
747	철산	2	748	1.3	746	1.4	
748	광명사거리	2	749	1.7	747	1.3	
749	천왕	2	750	1.5	748	1.7	
750	온수	3	751	2.2	749	1.5	145	0	
751	까치울	2	752	1.2	750	2.2	
752	부천종합운동장	2	753	0.9	751	1.2	
753	춘의	2	754	1	752	0.9	
754	신중동	2	755	1.1	753	1	
755	부천시청	2	756	0.9	754	1.1	
756	상동	2	757	1.1	755	0.9	
757	삼산체육관	2	758	0.9	756	1.1	
758	굴포천	2	759	0.9	757	0.9	
759	부평구청	1	758	0.9	