100        소요산        1        101        2.5        
101        동두천        2        102        1.6        100        2.5        
102        보산        2        103        1.4        101        1.6        
103        동두천중앙        2        104        1        102        1.4        
104        지행        2        105        5.6        103        1        
105        덕정        2        106        2.9        104        5.6        
106        덕계        2        107        5.3        105        2.9        
107        양주        2        108        1.6        106        5.3        
108        녹양        2        109        1.3        107        1.6        
109        가능        2        110        1.2        108        1.3        
110        의정부        2        111        1.6        109        1.2        
111        회룡        2        112        1.4        110        1.6        
112        망월사        2        113        2.3        111        1.4        
113        도봉산        3        114        1.2        112        2.3        710        0        
114        도봉        2        115        1.3        113        1.2        
115        방학        2        116        1.7        114        1.3        
116        창동        3        117        1        115        1.7        412        0        
117        녹천        2        118        1.4        116        1        
118        월계        2        119        1.1        117        1.4        
119        광운대        2        120        1.1        118        1.1        
120        석계        3        121        1.4        119        1.1        644        0        
121        신이문        2        122        0.8        120        1.4        
122        외대앞        2        123        0.8        121        0.8        
123        회기        2        124        1.4        122        0.8        
124        청량리        2        125        1        123        1.4        
125        제기동        2        126        0.9        124        1        
126        신설동        3        127        0.7        125        0.9        211-4        0        
127        동묘앞        3        128        0.6        126        0.7        636        0        
128        동대문        3        129        0.8        127        0.6        421        0        
129        종로5가        2        130        0.9        128        0.8        
130        종로3가        4        131        0.8        129        0.9        329        0        534        0        
131        종각        2        132        1        130        0.8        
132        시청        3        133        1.1        131        1        201        0        
133        서울역        3        134        1.7        132        1.1        426        0        
134        남영        2        135        1.5        133        1.7        
135        용산        2        136        2.6        134        1.5        
136        노량진        3        137        1.5        135        2.6        917        0        
137        대방        2        138        0.8        136        1.5        
138        신길        3        139        1        137        0.8        525        0        
139        영등포        2        140        1.5        138        1        
140        신도림        3        141        1.1        139        1.5        234        0        
141        구로        3        P142        2.4        140        1.1        142        1.4        
142        구일        2        143        1        141        1.4        
143        개봉        2        144        1.3        142        1        
144        오류동        2        145        1.9        143        1.3        
145        온수        3        146        1.3        144        1.9        750        0        
146        역곡        2        147        1.5        145        1.3        
147        소사        2        148        1.1        146        1.5        
148        부천        2        149        1.7        147        1.1        
149        중동        2        150        1        148        1.7        
150        송내        2        151        1.2        149        1        
151        부개        2        152        1.5        150        1.2        
152        부평        2        153        1.7        151        1.5        
153        백운        2        154        1.5        152        1.7        
154        동암        2        155        1.2        153        1.5        
155        간석        2        156        1.2        154        1.2        
156        주안        2        157        1        155        1.2        
157        도화        2        158        1        156        1        
158        제물포        2        159        1.4        157        1        
159        도원        2        160        1.2        158        1.4        
160        동인천        2        161        1.9        159        1.2        
161        인천        1        160        1.9        
P142        가산디지털단지        3        P143        2        141        2.4        746        0        
P143        독산        2        P144        1.2        P142        2        
P144        금천구청        3        P145        2.3        P143        1.2        P144-1        4.7        
P144-1        광명        1        P144        4.7        
P145        석수        2        P146        1.9        P144        2.3        
P146        관악        2        P147        2.4        P145        1.9        
P147        안양        2        P148        2.2        P146        2.4        
P148        명학        2        P149        1.4        P147        2.2        
P149        금정        3        P150        2.2        P148        1.4        443        0        
P150        군포        2        P151        1.6        P149        2.2                
P151        당정        2        P152        2.6        P150        1.6        
P152        의왕        2        P153        2.9        P151        2.6        
P153        성균관대        2        P154        2.6        P152        2.9        
P154        화서        2        P155        2.1        P153        2.6        
P155        수원        2        P156        2.9        P154        2.1        
P156        세류        2        P157        4.3        P155        2.9        
P157        병점        3        P158        2.4        P156        4.3        P157-1        2.2        
P157-1        서동탄        1        P157        2.2        
P158        세마        2        P159        2.7        P157        2.4        
P159        오산대        2        P160        2.7        P158        2.7        
P160        오산        2        P161        4        P159        2.7        
P161        진위        2        P162        3.8        P160        4        
P162        송탄        2        P163        2.2        P161        3.8        
P163        서정리        2        P164        4.8        P162        2.2        
P164        지제        2        P165        3.7        P163        4.8        
P165        평택        2        P166        9.4        P164        3.7        
P166        성환        2        P167        5.4        P165        9.4        
P167        직산        2        P168        3.8        P166        5.4        
P168        두정        2        P169        3        P167        3.8        
P169        천안        2        P170        1.5        P168        3        
P170        봉명        2        P171        1.5        P169        1.5        
P171        쌍용        2        P172        1.5        P170        1.5        
P172        아산        2        P174        4.9        P171        1.5        
P174        배방        2        P176        4.9        P172        4.9        
P176        온양온천        2        P177        5.1        P174        4.9        
P177        신창        1        P176        5.1        