409	당고개	1	410	1.2	
410	상계	2	411	1	409	1.2	
411	노원	3	412	1.4	410	1	713	0	
412	창동	3	413	1.3	411	1.4	116	0	
413	쌍문	2	414	1.5	412	1.3	
414	수유	2	415	1.4	413	1.5	
415	미아	2	416	1.5	414	1.4	
416	미아사거리	2	417	1.3	415	1.5	
417	길음	2	418	1.4	416	1.3	
418	성신여대입구	2	419	1	417	1.4	
419	한성대입구	2	420	0.9	418	1	
420	혜화	2	421	1.5	419	0.9	
421	동대문	3	422	0.7	420	1.5	128	0	
422	동대문역사문화공원	4	423	1.3	421	0.7	205	0	536	0	
423	충무로	3	424	0.7	422	1.3	331	0	
424	명동	2	425	0.7	423	0.7	
425	회현	2	426	0.9	424	0.7	
426	서울역	3	427	1	425	0.9	133	0	
427	숙대입구	2	428	1.2	426	1	
428	삼각지	3	429	0.7	427	1.2	628	0	
429	신용산	2	430	1.3	428	0.7	
430	이촌	2	431	2.7	429	1.3	
431	동작	3	432	1.8	430	2.7	920	0	
432	총신대입구	3	433	1.1	431	1.8	736	0	
433	사당	3	434	1.6	432	1.1	226	0	
434	남태령	2	435	2	433	1.6	
435	선바위	2	436	1	434	2	
436	경마공원	2	437	0.9	435	1	
437	대공원	2	438	1	436	0.9	
438	과천	2	439	1	437	1	
439	정부과천청사	2	440	3	438	1	
440	인덕원	2	441	1.6	439	3	
441	평촌	2	442	1.3	440	1.6	
442	범계	2	443	2.6	441	1.3	
443	금정	3	444	2.3	442	2.6	49	0	
444	산본	2	445	1.1	443	2.3	
445	수리산	2	446	2.6	444	1.1	
446	대야미	2	447	2	445	2.6	
447	반월	2	448	3.7	446	2	
448	상록수	2	449	1.5	447	3.7	
449	한대앞	2	450	1.6	448	1.5	
450	중앙	2	451	1.4	449	1.6	
451	고잔	2	452	1.5	450	1.4	
452	초지	2	453	1.8	451	1.5	
453	안산	2	454	2.2	452	1.8	
454	신길온천	2	455	2.9	453	2.2	
455	정왕	2	456	1.4	454	2.9	
456	오이도	1	455	1.4	